1
2
3
4
5
6
7
8
9
10
11
12
13
14
15
16
17
18
19
20
21
22
23
24
25
26
27
28
29
30
31
32
33
34
35
36
37
38
39
40
41
42
43
44
45
46
47
48
49
50
51
52
53
54
55
56
57
58
59
60
61
62
63
64
65
66
67
68
69
70
71
72
73
74
75
76
77
78
79
80
81
82
83
84
85
86
87
88
89
90
91
92
93
94
95
96
97
98
99
100
101
102
103
104
105
106
107
108
109
110
111
112
113
114
115
116
117
118
119
120
121
122
123
124
125
126
127
128
129
130
131
132
133
134
135
136
137
138
139
140
141
142
143
144
145
146
147
148
149
150
151
152
153
154
155
156
157
158
159
160
161
162
163
164
165
166
167
168
169
170
171
172
173
174
175
176
177
178
179
180
181
182
183
184
185
186
187
188
189
190
191
192
193
194
195
196
197
198
199
200
201
202
203
204
205
206
207
208
209
210
211
212
213
214
215
216
217
218
219
220
221
222
223
224
225
226
227
228
229
230
231
232
233
234
235
236
237
238
239
240
241
242
243
244
245
246
247
248
249
250
251
252
253
254
255
256
257
258
259
260
261
262
263
264
265
266
267
268
269
270
271
272
273
274
275
276
277
278
279
280
281
282
283
284
285
286
287
288
289
290
291
292
293
294
295
296
297
298
299
300
301
302
303
304
305
306
307
308
309
310
311
312
313
314
315
316
317
318
319
320
321
322
323
324
325
326
327
328
329
330
331
332
333
200005
200006
200007
200008
200009
200010
200011
200012
200013
200014
200015
200016
200017
200018
200019
200020
200021
200022
200023
200024
200025
200026
200027
200028
200029
200030
200031
200032
200033
200034
200035
200036
200037
200038
200039
200040
200041
200042
200043
200044
200045
200046
200047
200048
200049
200050
200051
200052
200053
200054
200055
200056
200057
200058
200059
200060
200061
200062
200063
200064
200065
200066
200067
200068
200069
200070
200071
200072
200073
200074
200075
200076
200077
200078
200079
200080
200081
200082
200083
200084
200085
200086
200087
200088
200089
200090
200091
200092
200093
200094
200095
200096
200097
200098
200099
200100
200101
200102
200103
200104
200105
200106
200107
200108
200109
200110
200111
200112
200113
200114
200115
200116
200117
200118
200119
200120
200121
200122
200123
200124
200125
200126
200127
200128
200129
200130
200131
200132
200133
200134
200135
200136
200137
200138
200139
200140
200141
200142
200143
200144
200145
200146
200147
200148
200149
200150
200151
200152
200153
200154
200155
200156
200157
200158
200159
200160
200161
200162
200163
200164
200165
200166
200167
200168
200169
200170
200171
200172
200173
200174
200175
200176
200177
200178
200179
200180
200181
200182
200183
200184
200185
200186
200187
200188
200189
200190
200191
200192
200193
200194
200195
200196
200197
200198
200199
200200
200201
200202
200203
200204
200205
200206
200207
200208
200209
200210
200211
200212
200213
200214
200215
200216
200217
200218
200219
200220
200221
200222
200223
200224
200225
200226
200227
200228
200229
200230
200231
200232
200233
200234
200235
200236
200237
200238
200239
200240
200241
200242
200243
200244
200245
200246
200247
200248
200249
200250
200251
200252
200253
200254
200255
200256
200257
200258
200259
200260
200261
200262
200263
200264
200265
200266
200267
200268
200269
200270
200271
200272
200273
200274
200275
200276
200277
200278
200279
200280
200281
200282
200283
200284
200285
200286
200287
200288
200289
200290
200291
200292
200293
200294
200295
200296
200297
200298
200299
200300
200301
200302
200303
200304
200305
200306
200307
200308
200309
200310
200311
200312
200313
200314
200315
200316
200317
200318
200319
200320
200321
200322
200323
200324
200325
200326
200327
200328
200329
200330
200331
200332
200333
200334
200335
200336
200337
399676
399677
399678
399679
399680
399681
399682
399683
399684
399685
399686
399687
399688
399689
399690
399691
399692
399693
399694
399695
399696
399697
399698
399699
399700
399701
399702
399703
399704
399705
399706
399707
399708
399709
399710
399711
399712
399713
399714
399715
399716
399717
399718
399719
399720
399721
399722
399723
399724
399725
399726
399727
399728
399729
399730
399731
399732
399733
399734
399735
399736
399737
399738
399739
399740
399741
399742
399743
399744
399745
399746
399747
399748
399749
399750
399751
399752
399753
399754
399755
399756
399757
399758
399759
399760
399761
399762
399763
399764
399765
399766
399767
399768
399769
399770
399771
399772
399773
399774
399775
399776
399777
399778
399779
399780
399781
399782
399783
399784
399785
399786
399787
399788
399789
399790
399791
399792
399793
399794
399795
399796
399797
399798
399799
399800
399801
399802
399803
399804
399805
399806
399807
399808
399809
399810
399811
399812
399813
399814
399815
399816
399817
399818
399819
399820
399821
399822
399823
399824
399825
399826
399827
399828
399829
399830
399831
399832
399833
399834
399835
399836
399837
399838
399839
399840
399841
399842
399843
399844
399845
399846
399847
399848
399849
399850
399851
399852
399853
399854
399855
399856
399857
399858
399859
399860
399861
399862
399863
399864
399865
399866
399867
399868
399869
399870
399871
399872
399873
399874
399875
399876
399877
399878
399879
399880
399881
399882
399883
399884
399885
399886
399887
399888
399889
399890
399891
399892
399893
399894
399895
399896
399897
399898
399899
399900
399901
399902
399903
399904
399905
399906
399907
399908
399909
399910
399911
399912
399913
399914
399915
399916
399917
399918
399919
399920
399921
399922
399923
399924
399925
399926
399927
399928
399929
399930
399931
399932
399933
399934
399935
399936
399937
399938
399939
399940
399941
399942
399943
399944
399945
399946
399947
399948
399949
399950
399951
399952
399953
399954
399955
399956
399957
399958
399959
399960
399961
399962
399963
399964
399965
399966
399967
399968
399969
399970
399971
399972
399973
399974
399975
399976
399977
399978
399979
399980
399981
399982
399983
399984
399985
399986
399987
399988
399989
399990
399991
399992
399993
399994
399995
399996
399997
399998
399999
400000
400001
400002
400003
400004
400005
400006
400007
400008
400009
